6 7
23 36 72 115 119 153
7 21 44 54 59 91 162
1 2 4 2 3 1 3

6 10
40 69 100 111 161 190
12 30 37 42 59 62 99 114 150 170
4 2 3 3 2 4 1 3 1 5

10 5
15 29 39 73 102 123 143 192 194 195
0 130 155 156 161
2 3 3 2 3

11 11
5 9 47 62 72 84 119 124 136 167 198
25 33 37 60 85 92 108 123 148 170 192
4 3 2 2 5 4 2 4 4 4 5

7 11
49 77 83 109 137 158 185
0 5 16 36 41 42 81 84 91 168 187
3 3 2 2 2 5 4 4 2 1 4

14 10
2 24 51 67 77 79 84 137 146 161 186 188 191 194
20 35 40 73 101 118 125 170 187 188
4 1 3 1 4 4 5 2 2 3

9 11
12 34 62 125 142 153 159 178 180
8 21 25 26 41 50 62 71 128 142 171
3 2 1 4 4 1 3 2 1 4 4

12 12
29 66 74 92 97 112 146 168 170 189 194 196
43 64 104 106 112 115 119 123 172 182 187 196
5 5 1 5 3 4 3 3 2 5 3 3

11 15
4 20 29 55 70 82 96 126 135 156 198
0 16 38 56 57 91 101 108 121 125 135 164 170 171 177
2 2 3 2 4 3 3 3 1 1 1 3 4 2 4

9 15
6 35 47 70 76 95 145 178 188
18 22 34 49 51 65 66 69 80 86 87 112 115 121 141
1 4 3 3 3 1 4 4 1 5 4 1 2 5 2

5 11
25 91 108 126 168
3 15 36 47 54 99 112 113 114 123 127
2 1 2 3 4 4 4 1 4 1 3

14 12
19 31 55 60 64 87 116 124 135 144 149 150 167 188
1 17 28 75 86 106 115 128 178 187 195 199
1 4 2 5 2 4 4 5 1 5 3 5

8 8
0 44 92 124 127 144 159 186
0 12 29 46 69 138 149 193
5 4 4 5 5 1 5 5

6 11
16 58 73 128 131 196
17 23 80 91 100 113 124 162 167 184 195
1 4 3 1 3 4 3 2 3 2 4

14 8
11 25 38 56 79 80 85 91 109 114 118 119 148 176
2 12 72 77 92 111 133 175
5 5 3 2 2 2 1 1

14 10
22 23 29 37 69 74 82 84 107 109 116 135 136 170
7 10 14 32 56 57 74 108 162 166
3 5 3 1 1 4 2 5 3 4

13 8
10 13 25 42 69 100 119 131 153 156 158 167 189
2 20 65 85 106 112 148 191
4 2 3 1 4 1 4 3

8 15
5 21 69 79 134 140 192 197
10 17 27 58 59 73 79 82 84 113 161 179 183 190 196
2 4 1 1 1 4 5 4 1 3 2 2 2 5 1

11 7
22 31 68 84 105 107 109 116 120 134 140
25 89 96 146 161 193 195
3 5 5 3 5 5 2

9 12
22 30 44 141 142 169 188 189 196
20 41 50 70 88 94 96 106 124 160 173 194
4 1 2 2 1 5 2 2 3 3 5 1
